1 	 0.600 	 0 	 0 	 0 	 0 	 0 	 0
4 	 7.200 	 5 	 0 	 1 	 0 	 0 	 1
4 	 0.600 	 5 	 0 	 1 	 0 	 0 	 1
4 	 0.600 	 1 	 0 	 1 	 0 	 0 	 1
4 	 0.150 	 0 	 1 	 0 	 1 	 0 	 1
4 	 0.150 	 2 	 0 	 1 	 0 	 0 	 1
4 	 0.150 	 0 	 2 	 0 	 1 	 0 	 1
4 	 0.150 	 4 	 0 	 1 	 0 	 1 	 1
4 	 0.150 	 0 	 4 	 0 	 1 	 1 	 1
4 	 0.150 	 8 	 0 	 1 	 0 	 1 	 1
5 	 0.300 	 6 	 0 	 1 	 0 	 1 	 1
5 	 0.300 	 5 	 0 	 1 	 0 	 0 	 1
5 	 0.300 	 5 	 1 	 2 	 2 	 0 	 1
5 	 0.300 	 5 	 0 	 1 	 0 	 0 	 1
5 	 0.300 	 5 	 0 	 1 	 0 	 1 	 1
5 	 0.150 	 0 	 1 	 0 	 1 	 0 	 1
5 	 0.150 	 5 	 0 	 1 	 0 	 1 	 1
5 	 0.150 	 0 	 0 	 0 	 0 	 1 	 1
5 	 0.150 	 5 	 1 	 2 	 2 	 1 	 1
5 	 0.300 	 5 	 0 	 1 	 0 	 0 	 1
6 	 0.300 	 5 	 0 	 1 	 0 	 1 	 1
6 	 0.300 	 5 	 0 	 1 	 0 	 0 	 1
6 	 0.300 	 5 	 1 	 2 	 2 	 0 	 1
6 	 0.300 	 5 	 0 	 1 	 0 	 0 	 1
6 	 0.300 	 5 	 0 	 1 	 0 	 1 	 1
6 	 0.150 	 0 	 1 	 0 	 1 	 0 	 1
6 	 0.150 	 5 	 0 	 1 	 0 	 1 	 1
6 	 0.150 	 0 	 0 	 0 	 0 	 1 	 1
6 	 0.150 	 5 	 1 	 2 	 2 	 1 	 1
6 	 0.300 	 5 	 0 	 1 	 0 	 0 	 1
7 	 0.300 	 5 	 0 	 1 	 0 	 1 	 1
7 	 0.300 	 5 	 0 	 1 	 0 	 0 	 1
7 	 0.300 	 5 	 1 	 2 	 2 	 0 	 1
7 	 0.300 	 5 	 0 	 1 	 0 	 0 	 1
7 	 0.300 	 5 	 0 	 1 	 0 	 1 	 1
7 	 0.150 	 0 	 1 	 0 	 1 	 0 	 1
7 	 0.150 	 5 	 0 	 1 	 0 	 1 	 1
7 	 0.150 	 0 	 0 	 0 	 0 	 1 	 1
7 	 0.150 	 5 	 1 	 2 	 2 	 0 	 1
7 	 0.300 	 5 	 0 	 1 	 0 	 0 	 1
8 	 0.300 	 5 	 0 	 1 	 0 	 1 	 1
8 	 0.300 	 5 	 0 	 1 	 0 	 0 	 1
8 	 0.300 	 5 	 1 	 2 	 2 	 0 	 1
8 	 0.300 	 5 	 0 	 1 	 0 	 0 	 1
8 	 0.300 	 5 	 0 	 1 	 0 	 1 	 1
8 	 0.150 	 0 	 1 	 0 	 1 	 0 	 1
8 	 0.150 	 5 	 0 	 1 	 0 	 1 	 1
8 	 0.150 	 0 	 0 	 0 	 0 	 1 	 1
8 	 0.150 	 1 	 0 	 1 	 0 	 0 	 1
8 	 0.150 	 0 	 2 	 0 	 1 	 0 	 1
8 	 0.150 	 0 	 0 	 0 	 0 	 1 	 1
9 	 0.300 	 6 	 0 	 1 	 0 	 1 	 1
12 	 8.700 	 5 	 0 	 1 	 0 	 0 	 1
12 	 0.150 	 5 	 0 	 1 	 0 	 0 	 1
12 	 0.150 	 5 	 0 	 1 	 0 	 0 	 1
13 	 0.600 	 5 	 0 	 1 	 0 	 1 	 1
13 	 0.300 	 5 	 0 	 1 	 0 	 0 	 1
13 	 0.300 	 5 	 0 	 1 	 0 	 0 	 1
13 	 0.300 	 5 	 0 	 1 	 0 	 0 	 1
13 	 0.300 	 5 	 0 	 1 	 0 	 1 	 1
13 	 0.300 	 5 	 0 	 1 	 0 	 0 	 1
13 	 0.300 	 5 	 0 	 1 	 0 	 0 	 1
13 	 0.300 	 5 	 0 	 1 	 0 	 0 	 1
14 	 0.300 	 5 	 0 	 1 	 0 	 1 	 1
14 	 0.300 	 5 	 0 	 1 	 0 	 0 	 1
14 	 0.300 	 5 	 0 	 1 	 0 	 0 	 1
14 	 0.300 	 5 	 0 	 1 	 0 	 0 	 1
14 	 0.300 	 5 	 0 	 1 	 0 	 1 	 1
14 	 0.300 	 5 	 0 	 1 	 0 	 0 	 1
14 	 0.300 	 5 	 0 	 1 	 0 	 0 	 1
14 	 0.300 	 5 	 0 	 1 	 0 	 0 	 1
15 	 0.300 	 5 	 0 	 1 	 0 	 1 	 1
15 	 0.300 	 5 	 0 	 1 	 0 	 0 	 1
15 	 0.300 	 5 	 0 	 1 	 0 	 0 	 1
15 	 0.300 	 5 	 0 	 1 	 0 	 0 	 1
15 	 0.300 	 5 	 0 	 1 	 0 	 1 	 1
15 	 0.300 	 5 	 0 	 1 	 0 	 0 	 1
15 	 0.300 	 5 	 0 	 1 	 0 	 0 	 1
15 	 0.300 	 5 	 0 	 1 	 0 	 0 	 1
16 	 0.300 	 5 	 0 	 1 	 0 	 1 	 1
16 	 0.300 	 5 	 0 	 1 	 0 	 0 	 1
16 	 0.300 	 5 	 0 	 1 	 0 	 0 	 1
16 	 0.300 	 5 	 0 	 1 	 0 	 0 	 1
16 	 0.300 	 5 	 0 	 1 	 0 	 1 	 1
16 	 0.300 	 5 	 0 	 1 	 0 	 0 	 1
16 	 0.300 	 0 	 1 	 0 	 1 	 0 	 1
16 	 0.150 	 2 	 0 	 1 	 0 	 0 	 1
16 	 0.150 	 0 	 0 	 0 	 0 	 1 	 1
17 	 0.300 	 6 	 0 	 1 	 0 	 1 	 1
17 	 0.300 	 5 	 0 	 1 	 0 	 1 	 1
17 	 0.300 	 5 	 1 	 2 	 2 	 0 	 1
17 	 0.300 	 5 	 0 	 1 	 0 	 0 	 1
17 	 0.300 	 5 	 0 	 1 	 0 	 1 	 1
17 	 0.150 	 7 	 1 	 0.2 	 1 	 0 	 1
17 	 0.150 	 5 	 0 	 1 	 0 	 1 	 1
17 	 0.150 	 0 	 0 	 0 	 0 	 1 	 1
17 	 0.150 	 5 	 1 	 2 	 2 	 1 	 1
17 	 0.300 	 5 	 0 	 1 	 0 	 0 	 1
18 	 0.300 	 5 	 0 	 1 	 0 	 1 	 1
18 	 0.300 	 5 	 0 	 1 	 0 	 1 	 1
18 	 0.300 	 5 	 1 	 2 	 2 	 0 	 1
18 	 0.300 	 5 	 0 	 1 	 0 	 0 	 1
18 	 0.300 	 5 	 0 	 1 	 0 	 1 	 1
18 	 0.150 	 0 	 1 	 0 	 1 	 0 	 1
18 	 0.100 	 5 	 0 	 1 	 0 	 1 	 1
18 	 0.150 	 0 	 0 	 0 	 0 	 1 	 1
18 	 0.150 	 5 	 1 	 2 	 2 	 1 	 1
18 	 0.300 	 5 	 0 	 1 	 0 	 0 	 1
19 	 0.300 	 5 	 0 	 1 	 0 	 1 	 1
19 	 0.300 	 5 	 0 	 1 	 0 	 1 	 1
19 	 0.300 	 5 	 1 	 2 	 2 	 0 	 1
19 	 0.300 	 5 	 0 	 1 	 0 	 0 	 1
19 	 0.300 	 5 	 0 	 1 	 0 	 1 	 1
19 	 0.150 	 0 	 1 	 0 	 1 	 0 	 1
19 	 0.150 	 5 	 0 	 1 	 0 	 1 	 1
19 	 0.150 	 0 	 0 	 0 	 0 	 1 	 1
19 	 0.150 	 5 	 1 	 2 	 2 	 0 	 1
19 	 0.300 	 5 	 0 	 1 	 0 	 0 	 1
20 	 0.300 	 5 	 0 	 1 	 0 	 1 	 1
20 	 0.300 	 5 	 0 	 1 	 0 	 1 	 1
20 	 0.300 	 5 	 1 	 2 	 2 	 0 	 1
20 	 0.300 	 5 	 0 	 1 	 0 	 0 	 1
20 	 0.300 	 5 	 0 	 1 	 0 	 1 	 1
20 	 0.150 	 0 	 1 	 0 	 1 	 0 	 1
20 	 0.150 	 5 	 0 	 1 	 0 	 1 	 1
20 	 0.150 	 0 	 0 	 0 	 0 	 1 	 1
20 	 0.150 	 1 	 0 	 1 	 0 	 0 	 1
20 	 0.100 	 0 	 2 	 0 	 1 	 0 	 1
20 	 0.150 	 4 	 0 	 1 	 0 	 1 	 1
21 	 0.300 	 8 	 0 	 1 	 0 	 1 	 1
21 	 0.300 	 5 	 0 	 1 	 0 	 1 	 1
21 	 0.300 	 5 	 1 	 2 	 2 	 0 	 1
21 	 0.300 	 5 	 0 	 1 	 0 	 0 	 1
21 	 0.300 	 5 	 0 	 1 	 0 	 1 	 1
21 	 0.150 	 0 	 1 	 0 	 1 	 0 	 1
21 	 0.100 	 5 	 0 	 1 	 0 	 1 	 1
21 	 0.150 	 0 	 0 	 0 	 0 	 1 	 1
21 	 0.150 	 5 	 1 	 2 	 2 	 1 	 1
21 	 0.300 	 5 	 0 	 1 	 0 	 0 	 1
22 	 0.300 	 5 	 0 	 1 	 0 	 1 	 1
22 	 0.300 	 5 	 0 	 1 	 0 	 1 	 1
22 	 0.300 	 5 	 1 	 2 	 2 	 0 	 1
22 	 0.300 	 5 	 0 	 1 	 0 	 0 	 1
22 	 0.300 	 5 	 0 	 1 	 0 	 1 	 1
22 	 0.150 	 0 	 1 	 0 	 1 	 0 	 1
22 	 0.150 	 5 	 0 	 1 	 0 	 1 	 1
22 	 0.150 	 0 	 0 	 0 	 0 	 1 	 1
22 	 0.150 	 5 	 1 	 2 	 2 	 1 	 1
22 	 0.300 	 5 	 0 	 1 	 0 	 0 	 1
23 	 0.300 	 5 	 0 	 1 	 0 	 1 	 1
23 	 0.300 	 5 	 0 	 1 	 0 	 1 	 1
23 	 0.300 	 5 	 1 	 2 	 2 	 0 	 1
23 	 0.300 	 5 	 0 	 1 	 0 	 0 	 1
23 	 0.300 	 5 	 0 	 1 	 0 	 1 	 1
23 	 0.150 	 0 	 1 	 0 	 1 	 0 	 1
23 	 0.150 	 5 	 0 	 1 	 0 	 1 	 1
23 	 0.150 	 0 	 0 	 0 	 0 	 1 	 1
23 	 0.150 	 5 	 1 	 2 	 2 	 0 	 1
23 	 0.300 	 5 	 0 	 1 	 0 	 0 	 1
24 	 0.300 	 5 	 0 	 1 	 0 	 1 	 1
24 	 0.300 	 5 	 0 	 1 	 0 	 1 	 1
24 	 0.300 	 5 	 1 	 2 	 2 	 0 	 1
24 	 0.300 	 5 	 0 	 1 	 0 	 0 	 1
24 	 0.300 	 5 	 0 	 1 	 0 	 1 	 1
24 	 0.150 	 0 	 1 	 0 	 1 	 0 	 1
24 	 0.100 	 5 	 0 	 1 	 0 	 1 	 1
24 	 0.150 	 0 	 0 	 0 	 0 	 1 	 1
24 	 0.150 	 4 	 0 	 1 	 0 	 1 	 1
24 	 0.150 	 0 	 4 	 0 	 1 	 1 	 1
24 	 0.150 	 0 	 4 	 0 	 1 	 1 	 1
25 	 0.300 	 8 	 0 	 1 	 0 	 1 	 1
25 	 0.300 	 5 	 0 	 1 	 0 	 1 	 1
25 	 0.300 	 5 	 1 	 2 	 2 	 0 	 1
25 	 0.300 	 5 	 0 	 1 	 0 	 0 	 1
25 	 0.300 	 5 	 0 	 1 	 0 	 1 	 1
25 	 0.150 	 0 	 1 	 0 	 1 	 0 	 1
25 	 0.150 	 5 	 0 	 1 	 0 	 1 	 1
25 	 0.150 	 0 	 0 	 0 	 0 	 1 	 1
25 	 0.150 	 5 	 1 	 2 	 2 	 1 	 1
25 	 0.300 	 5 	 0 	 1 	 0 	 0 	 1
26 	 0.300 	 5 	 0 	 1 	 0 	 1 	 1
26 	 0.300 	 5 	 0 	 1 	 0 	 1 	 1
26 	 0.300 	 5 	 1 	 2 	 2 	 0 	 1
26 	 0.300 	 5 	 0 	 1 	 0 	 0 	 1
26 	 0.300 	 5 	 0 	 1 	 0 	 1 	 1
26 	 0.150 	 0 	 1 	 0 	 1 	 0 	 1
26 	 0.150 	 5 	 0 	 1 	 0 	 1 	 1
26 	 0.150 	 0 	 0 	 0 	 0 	 1 	 1
26 	 0.150 	 5 	 1 	 2 	 2 	 1 	 1
26 	 0.300 	 5 	 0 	 1 	 0 	 0 	 1
27 	 0.300 	 5 	 0 	 1 	 0 	 1 	 1
27 	 0.300 	 5 	 0 	 1 	 0 	 1 	 1
27 	 0.300 	 5 	 1 	 2 	 2 	 0 	 1
27 	 0.300 	 5 	 0 	 1 	 0 	 0 	 1
27 	 0.300 	 5 	 0 	 1 	 0 	 1 	 1
27 	 0.150 	 0 	 1 	 0 	 1 	 0 	 1
27 	 0.150 	 5 	 0 	 1 	 0 	 1 	 1
27 	 0.150 	 0 	 0 	 0 	 0 	 1 	 1
27 	 0.150 	 5 	 1 	 2 	 2 	 0 	 1
27 	 0.300 	 5 	 0 	 1 	 0 	 0 	 1
28 	 0.300 	 5 	 0 	 1 	 0 	 1 	 1
28 	 0.300 	 5 	 0 	 1 	 0 	 1 	 1
28 	 0.300 	 5 	 1 	 2 	 2 	 0 	 1
28 	 0.300 	 5 	 0 	 1 	 0 	 0 	 1
28 	 0.300 	 5 	 0 	 1 	 0 	 1 	 1
28 	 0.150 	 0 	 1 	 0 	 1 	 0 	 1
28 	 0.150 	 5 	 0 	 1 	 0 	 1 	 1
28 	 0.150 	 0 	 0 	 0 	 0 	 1 	 1
28 	 0.150 	 1 	 0 	 1 	 0 	 0 	 1
28 	 0.150 	 0 	 2 	 0 	 1 	 0 	 1
28 	 0.150 	 0 	 0 	 0 	 0 	 1 	 1
29 	 0.300 	 6 	 0 	 1 	 0 	 1 	 1
29 	 0.300 	 5 	 0 	 1 	 0 	 1 	 1
29 	 0.300 	 5 	 1 	 2 	 2 	 0 	 1
29 	 0.300 	 5 	 0 	 1 	 0 	 0 	 1
29 	 0.300 	 5 	 0 	 1 	 0 	 1 	 1
29 	 0.150 	 7 	 1 	 0.2 	 1 	 0 	 1
29 	 0.150 	 5 	 0 	 1 	 0 	 1 	 1
29 	 0.150 	 0 	 0 	 0 	 0 	 1 	 1
29 	 0.150 	 5 	 1 	 2 	 2 	 1 	 1
29 	 0.300 	 5 	 0 	 1 	 0 	 0 	 1
30 	 0.300 	 5 	 0 	 1 	 0 	 1 	 1
30 	 0.300 	 5 	 0 	 1 	 0 	 1 	 1
30 	 0.300 	 5 	 1 	 2 	 2 	 0 	 1
30 	 0.300 	 5 	 0 	 1 	 0 	 0 	 1
30 	 0.300 	 5 	 0 	 1 	 0 	 1 	 1
30 	 0.150 	 0 	 1 	 0 	 1 	 0 	 1
30 	 0.150 	 5 	 0 	 1 	 0 	 1 	 1
30 	 0.150 	 0 	 0 	 0 	 0 	 1 	 1
30 	 0.150 	 5 	 1 	 2 	 2 	 0 	 1
30 	 0.300 	 5 	 0 	 1 	 0 	 0 	 1
31 	 0.300 	 6 	 0 	 1 	 0 	 1 	 1
31 	 0.300 	 5 	 0 	 1 	 0 	 1 	 1
31 	 0.300 	 5 	 1 	 2 	 2 	 0 	 1
31 	 0.300 	 5 	 0 	 1 	 0 	 0 	 1
31 	 0.300 	 5 	 0 	 1 	 0 	 1 	 1
31 	 0.150 	 0 	 1 	 0 	 1 	 0 	 1
31 	 0.150 	 5 	 0 	 1 	 0 	 1 	 1
31 	 0.150 	 0 	 0 	 0 	 0 	 1 	 1
31 	 0.150 	 5 	 1 	 2 	 2 	 1 	 1
31 	 0.300 	 5 	 0 	 1 	 0 	 0 	 1
32 	 0.300 	 5 	 0 	 1 	 0 	 1 	 1
32 	 0.300 	 5 	 0 	 1 	 0 	 1 	 1
32 	 0.300 	 5 	 1 	 2 	 2 	 0 	 1
32 	 0.300 	 5 	 0 	 1 	 0 	 0 	 1
32 	 0.300 	 0 	 1 	 0 	 1 	 0 	 1
32 	 0.150 	 1 	 0 	 1 	 0 	 0 	 1
32 	 0.150 	 0 	 1 	 0 	 1 	 0 	 1
32 	 0.300 	 4 	 0 	 1 	 0 	 1 	 1
32 	 0.150 	 0 	 4 	 0 	 1 	 1 	 1
32 	 0.150 	 0 	 4 	 0 	 1 	 1 	 1
33 	 0.300 	 8 	 0 	 1 	 0 	 1 	 1
33 	 0.300 	 4 	 1 	 1 	 1 	 0 	 1
33 	 0.150 	 8 	 0 	 1 	 0 	 1 	 1
33 	 0.450 	 6 	 0 	 1 	 0 	 1 	 1
33 	 0.300 	 2 	 0 	 1 	 0 	 0 	 1
33 	 0.150 	 0 	 2 	 0 	 1 	 0 	 1
33 	 0.150 	 7 	 0 	 0.2 	 0 	 1 	 1
33 	 0.150 	 4 	 0 	 1 	 0 	 1 	 1
33 	 0.150 	 0 	 0 	 0 	 0 	 1 	 1
33 	 0.150 	 4 	 0 	 1 	 0 	 1 	 1
33 	 0.150 	 8 	 0 	 1 	 0 	 1 	 1
34 	 0.300 	 6 	 0 	 1 	 0 	 1 	 1
37 	 6.900 	 5 	 0 	 1 	 0 	 0 	 1
37 	 0.600 	 5 	 0 	 1 	 0 	 0 	 1
37 	 0.600 	 2 	 0 	 1 	 0 	 0 	 1
37 	 0.150 	 0 	 2 	 0 	 1 	 0 	 1
37 	 0.150 	 0 	 0 	 0 	 0 	 1 	 1
37 	 0.150 	 4 	 0 	 1 	 0 	 1 	 1
37 	 0.150 	 0 	 4 	 0 	 1 	 1 	 1
37 	 0.150 	 0 	 4 	 0 	 1 	 1 	 1
37 	 0.150 	 8 	 0 	 1 	 0 	 1 	 1
37 	 0.300 	 6 	 0 	 1 	 0 	 1 	 1
38 	 0.300 	 5 	 0 	 1 	 0 	 1 	 1
38 	 0.300 	 5 	 1 	 2 	 2 	 0 	 1
38 	 0.300 	 5 	 0 	 1 	 0 	 0 	 1
38 	 0.300 	 5 	 0 	 1 	 0 	 1 	 1
38 	 0.150 	 0 	 1 	 0 	 1 	 0 	 1
38 	 0.150 	 5 	 0 	 1 	 0 	 1 	 1
38 	 0.150 	 0 	 0 	 0 	 0 	 1 	 1
38 	 0.150 	 5 	 1 	 2 	 2 	 1 	 1
38 	 0.300 	 5 	 0 	 1 	 0 	 0 	 1
38 	 0.300 	 5 	 0 	 1 	 0 	 1 	 1
39 	 0.300 	 5 	 0 	 1 	 0 	 1 	 1
39 	 0.300 	 5 	 1 	 2 	 2 	 0 	 1
39 	 0.300 	 5 	 0 	 1 	 0 	 0 	 1
39 	 0.300 	 5 	 0 	 1 	 0 	 1 	 1
39 	 0.150 	 0 	 1 	 0 	 1 	 0 	 1
39 	 0.150 	 5 	 0 	 1 	 0 	 1 	 1
39 	 0.150 	 0 	 0 	 0 	 0 	 1 	 1
39 	 0.150 	 5 	 1 	 2 	 2 	 1 	 1
39 	 0.300 	 5 	 0 	 1 	 0 	 0 	 1
39 	 0.300 	 6 	 0 	 1 	 0 	 1 	 1
40 	 0.300 	 5 	 0 	 1 	 0 	 1 	 1
40 	 0.300 	 5 	 1 	 2 	 2 	 0 	 1
40 	 0.300 	 5 	 0 	 1 	 0 	 0 	 1
40 	 0.300 	 5 	 0 	 1 	 0 	 1 	 1
40 	 0.150 	 0 	 1 	 0 	 1 	 0 	 1
40 	 0.150 	 5 	 0 	 1 	 0 	 1 	 1
40 	 0.150 	 0 	 0 	 0 	 0 	 1 	 1
40 	 0.150 	 5 	 1 	 2 	 2 	 1 	 1
40 	 0.300 	 5 	 0 	 1 	 0 	 0 	 1
40 	 0.300 	 5 	 0 	 1 	 0 	 1 	 1
41 	 0.300 	 5 	 0 	 1 	 0 	 1 	 1
41 	 0.300 	 5 	 1 	 2 	 2 	 0 	 1
41 	 0.300 	 5 	 0 	 1 	 0 	 0 	 1
41 	 0.300 	 5 	 0 	 1 	 0 	 1 	 1
41 	 0.300 	 2 	 0 	 1 	 0 	 0 	 1
41 	 0.150 	 0 	 2 	 0 	 1 	 0 	 1
41 	 0.150 	 4 	 0 	 1 	 0 	 1 	 1
41 	 0.150 	 0 	 4 	 0 	 1 	 1 	 1
41 	 0.150 	 8 	 0 	 1 	 0 	 1 	 1
41 	 0.300 	 6 	 0 	 1 	 0 	 1 	 1
42 	 0.300 	 5 	 0 	 1 	 0 	 1 	 1
42 	 0.300 	 5 	 1 	 2 	 2 	 0 	 1
42 	 0.300 	 5 	 0 	 1 	 0 	 0 	 1
42 	 0.300 	 5 	 0 	 1 	 0 	 1 	 1
42 	 0.150 	 0 	 1 	 0 	 1 	 0 	 1
42 	 0.150 	 5 	 0 	 1 	 0 	 1 	 1
42 	 0.150 	 0 	 0 	 0 	 0 	 1 	 1
42 	 0.150 	 5 	 1 	 2 	 2 	 1 	 1
42 	 0.300 	 5 	 0 	 1 	 0 	 0 	 1
42 	 0.300 	 5 	 0 	 1 	 0 	 1 	 1
43 	 0.300 	 5 	 0 	 1 	 0 	 1 	 1
43 	 0.300 	 5 	 1 	 2 	 2 	 0 	 1
43 	 0.300 	 5 	 0 	 1 	 0 	 0 	 1
43 	 0.300 	 5 	 0 	 1 	 0 	 1 	 1
43 	 0.150 	 0 	 1 	 0 	 1 	 0 	 1
43 	 0.150 	 5 	 0 	 1 	 0 	 1 	 1
43 	 0.150 	 0 	 0 	 0 	 0 	 1 	 1
43 	 0.150 	 5 	 1 	 2 	 2 	 1 	 1
43 	 0.300 	 5 	 0 	 1 	 0 	 0 	 1
43 	 0.300 	 5 	 0 	 1 	 0 	 1 	 1
44 	 0.300 	 5 	 0 	 1 	 0 	 1 	 1
44 	 0.300 	 5 	 1 	 2 	 2 	 0 	 1
44 	 0.300 	 5 	 0 	 1 	 0 	 0 	 1
44 	 0.300 	 5 	 0 	 1 	 0 	 1 	 1
44 	 0.150 	 0 	 1 	 0 	 1 	 0 	 1
44 	 0.100 	 5 	 0 	 1 	 0 	 1 	 1
44 	 0.150 	 0 	 0 	 0 	 0 	 1 	 1
44 	 0.150 	 5 	 1 	 2 	 2 	 1 	 1
44 	 0.300 	 5 	 0 	 1 	 0 	 0 	 1
44 	 0.300 	 5 	 0 	 1 	 0 	 1 	 1
44 	 0.300 	 5 	 0 	 1 	 0 	 1 	 1
45 	 0.300 	 5 	 1 	 2 	 2 	 0 	 1
45 	 0.300 	 5 	 0 	 1 	 0 	 0 	 1
45 	 0.300 	 5 	 0 	 1 	 0 	 1 	 1
45 	 0.150 	 0 	 1 	 0 	 1 	 0 	 1
45 	 0.150 	 5 	 0 	 1 	 0 	 1 	 1
45 	 0.150 	 0 	 0 	 0 	 0 	 1 	 1
45 	 0.150 	 5 	 1 	 2 	 2 	 1 	 1
45 	 0.300 	 4 	 0 	 1 	 0 	 1 	 1
45 	 0.150 	 0 	 4 	 0 	 1 	 1 	 1
45 	 0.150 	 8 	 0 	 1 	 0 	 1 	 1
45 	 0.300 	 5 	 0 	 1 	 0 	 1 	 1
46 	 0.300 	 5 	 1 	 2 	 2 	 0 	 1
46 	 0.300 	 5 	 0 	 1 	 0 	 0 	 1
46 	 0.300 	 5 	 0 	 1 	 0 	 1 	 1
46 	 0.150 	 0 	 1 	 0 	 1 	 0 	 1
46 	 0.150 	 5 	 0 	 1 	 0 	 1 	 1
46 	 0.150 	 0 	 0 	 0 	 0 	 1 	 1
46 	 0.150 	 5 	 1 	 2 	 2 	 1 	 1
46 	 0.300 	 5 	 0 	 1 	 0 	 0 	 1
46 	 0.300 	 5 	 0 	 1 	 0 	 1 	 1
46 	 0.300 	 5 	 0 	 1 	 0 	 1 	 1
47 	 0.300 	 5 	 1 	 2 	 2 	 0 	 1
47 	 0.300 	 5 	 0 	 1 	 0 	 0 	 1
47 	 0.300 	 5 	 0 	 1 	 0 	 1 	 1
47 	 0.150 	 0 	 1 	 0 	 1 	 0 	 1
47 	 0.150 	 5 	 0 	 1 	 0 	 1 	 1
47 	 0.150 	 0 	 0 	 0 	 0 	 1 	 1
47 	 0.150 	 5 	 1 	 2 	 2 	 0 	 1
47 	 0.300 	 5 	 0 	 1 	 0 	 0 	 1
47 	 0.300 	 5 	 0 	 1 	 0 	 1 	 1
47 	 0.300 	 5 	 0 	 1 	 0 	 1 	 1
48 	 0.300 	 5 	 1 	 2 	 2 	 0 	 1
48 	 0.300 	 5 	 0 	 1 	 0 	 0 	 1
48 	 0.300 	 5 	 0 	 1 	 0 	 1 	 1
48 	 0.150 	 0 	 1 	 0 	 1 	 0 	 1
48 	 0.150 	 5 	 0 	 1 	 0 	 1 	 1
48 	 0.150 	 0 	 0 	 0 	 0 	 1 	 1
48 	 0.150 	 5 	 1 	 2 	 2 	 1 	 1
48 	 0.300 	 5 	 0 	 1 	 0 	 0 	 1
48 	 0.300 	 5 	 0 	 1 	 0 	 1 	 1
48 	 0.300 	 5 	 0 	 1 	 0 	 1 	 1
49 	 0.300 	 5 	 1 	 2 	 2 	 0 	 1
49 	 0.300 	 5 	 0 	 1 	 0 	 0 	 1
49 	 0.300 	 5 	 0 	 1 	 0 	 1 	 1
49 	 0.300 	 2 	 0 	 1 	 0 	 0 	 1
49 	 0.150 	 0 	 2 	 0 	 1 	 0 	 1
49 	 0.150 	 0 	 0 	 0 	 0 	 1 	 1
49 	 0.150 	 4 	 0 	 1 	 0 	 1 	 1
49 	 0.150 	 0 	 4 	 0 	 1 	 1 	 1
49 	 0.300 	 8 	 0 	 1 	 0 	 1 	 1
49 	 0.300 	 5 	 0 	 1 	 0 	 1 	 1
50 	 0.300 	 5 	 1 	 2 	 2 	 0 	 1
50 	 0.300 	 5 	 0 	 1 	 0 	 0 	 1
50 	 0.300 	 5 	 0 	 1 	 0 	 1 	 1
50 	 0.150 	 0 	 1 	 0 	 1 	 0 	 1
50 	 0.150 	 5 	 0 	 1 	 0 	 1 	 1
50 	 0.150 	 0 	 0 	 0 	 0 	 1 	 1
50 	 0.150 	 5 	 1 	 2 	 2 	 1 	 1
50 	 0.300 	 5 	 0 	 1 	 0 	 0 	 1
50 	 0.300 	 5 	 0 	 1 	 0 	 1 	 1
50 	 0.300 	 5 	 0 	 1 	 0 	 1 	 1
51 	 0.300 	 5 	 1 	 2 	 2 	 0 	 1
51 	 0.300 	 5 	 0 	 1 	 0 	 0 	 1
51 	 0.300 	 5 	 0 	 1 	 0 	 1 	 1
51 	 0.150 	 0 	 1 	 0 	 1 	 0 	 1
51 	 0.150 	 5 	 0 	 1 	 0 	 1 	 1
51 	 0.150 	 0 	 0 	 0 	 0 	 1 	 1
51 	 0.150 	 5 	 1 	 2 	 2 	 1 	 1
51 	 0.300 	 5 	 0 	 1 	 0 	 0 	 1
51 	 0.300 	 6 	 0 	 1 	 0 	 1 	 1
51 	 0.300 	 5 	 0 	 1 	 0 	 1 	 1
52 	 0.300 	 5 	 1 	 2 	 2 	 0 	 1
52 	 0.300 	 5 	 0 	 1 	 0 	 0 	 1
52 	 0.300 	 5 	 0 	 1 	 0 	 1 	 1
52 	 0.150 	 7 	 1 	 0.2 	 1 	 0 	 1
52 	 0.150 	 5 	 0 	 1 	 0 	 1 	 1
52 	 0.150 	 0 	 0 	 0 	 0 	 1 	 1
52 	 0.150 	 5 	 1 	 2 	 2 	 1 	 1
52 	 0.300 	 5 	 0 	 1 	 0 	 0 	 1
52 	 0.300 	 5 	 0 	 1 	 0 	 1 	 1
52 	 0.300 	 5 	 0 	 1 	 0 	 1 	 1
53 	 0.300 	 5 	 1 	 2 	 2 	 0 	 1
53 	 0.300 	 5 	 0 	 1 	 0 	 0 	 1
53 	 0.300 	 5 	 0 	 1 	 0 	 1 	 1
53 	 0.150 	 0 	 1 	 0 	 1 	 0 	 1
53 	 0.150 	 5 	 0 	 1 	 0 	 1 	 1
53 	 0.150 	 0 	 0 	 0 	 0 	 1 	 1
53 	 0.150 	 1 	 0 	 1 	 0 	 0 	 1
53 	 0.150 	 0 	 2 	 0 	 1 	 0 	 1
53 	 0.150 	 0 	 0 	 0 	 0 	 1 	 1
53 	 0.300 	 6 	 0 	 1 	 0 	 1 	 1
53 	 0.300 	 5 	 0 	 1 	 0 	 1 	 1
54 	 0.300 	 5 	 1 	 2 	 2 	 0 	 1
54 	 0.300 	 5 	 0 	 1 	 0 	 0 	 1
54 	 0.300 	 5 	 0 	 1 	 0 	 1 	 1
54 	 0.150 	 7 	 1 	 0.2 	 1 	 0 	 1
54 	 0.150 	 5 	 0 	 1 	 0 	 1 	 1
54 	 0.150 	 0 	 0 	 0 	 0 	 1 	 1
54 	 0.150 	 5 	 1 	 2 	 2 	 0 	 1
54 	 0.300 	 5 	 0 	 1 	 0 	 0 	 1
54 	 0.300 	 5 	 0 	 1 	 0 	 1 	 1
54 	 0.300 	 5 	 0 	 1 	 0 	 1 	 1
55 	 0.300 	 5 	 1 	 2 	 2 	 0 	 1
55 	 0.300 	 5 	 0 	 1 	 0 	 0 	 1
55 	 0.300 	 5 	 0 	 1 	 0 	 1 	 1
55 	 0.150 	 7 	 1 	 0.2 	 1 	 0 	 1
55 	 0.150 	 5 	 0 	 1 	 0 	 1 	 1
55 	 0.150 	 0 	 0 	 0 	 0 	 1 	 1
55 	 0.150 	 5 	 1 	 2 	 2 	 1 	 1
55 	 0.300 	 5 	 0 	 1 	 0 	 0 	 1
55 	 0.300 	 6 	 0 	 1 	 0 	 1 	 1
55 	 0.300 	 5 	 0 	 1 	 0 	 1 	 1
56 	 0.300 	 5 	 1 	 2 	 2 	 0 	 1
56 	 0.300 	 5 	 0 	 1 	 0 	 0 	 1
56 	 0.300 	 5 	 0 	 1 	 0 	 1 	 1
56 	 0.150 	 0 	 1 	 0 	 1 	 0 	 1
56 	 0.150 	 5 	 0 	 1 	 0 	 1 	 1
56 	 0.150 	 0 	 0 	 0 	 0 	 1 	 1
56 	 0.150 	 5 	 1 	 2 	 2 	 1 	 1
56 	 0.300 	 5 	 0 	 1 	 0 	 0 	 1
56 	 0.300 	 5 	 0 	 1 	 0 	 1 	 1
56 	 0.300 	 5 	 0 	 1 	 0 	 1 	 1
57 	 0.300 	 5 	 1 	 2 	 2 	 0 	 1
57 	 0.300 	 5 	 0 	 1 	 0 	 0 	 1
57 	 0.300 	 5 	 0 	 1 	 0 	 1 	 1
57 	 0.300 	 0 	 1 	 0 	 1 	 0 	 1
57 	 0.100 	 1 	 0 	 1 	 0 	 0 	 1
57 	 0.150 	 0 	 1 	 0 	 1 	 0 	 1
57 	 0.150 	 2 	 0 	 1 	 0 	 0 	 1
57 	 0.150 	 0 	 0 	 0 	 0 	 1 	 1
57 	 0.300 	 6 	 0 	 1 	 0 	 1 	 1
57 	 0.300 	 5 	 0 	 1 	 0 	 1 	 1
58 	 0.300 	 5 	 1 	 2 	 2 	 0 	 1
58 	 0.300 	 5 	 0 	 1 	 0 	 0 	 1
58 	 0.300 	 5 	 0 	 1 	 0 	 1 	 1
58 	 0.150 	 0 	 1 	 0 	 1 	 0 	 1
58 	 0.100 	 5 	 0 	 1 	 0 	 1 	 1
58 	 0.150 	 0 	 0 	 0 	 0 	 1 	 1
58 	 0.150 	 5 	 1 	 2 	 2 	 1 	 1
58 	 0.300 	 5 	 0 	 1 	 0 	 0 	 1
58 	 0.300 	 5 	 0 	 1 	 0 	 1 	 1
58 	 0.300 	 5 	 0 	 1 	 0 	 1 	 1
59 	 0.300 	 5 	 1 	 2 	 2 	 0 	 1
59 	 0.300 	 5 	 0 	 1 	 0 	 0 	 1
59 	 0.300 	 5 	 0 	 1 	 0 	 1 	 1
59 	 0.150 	 0 	 1 	 0 	 1 	 0 	 1
59 	 0.150 	 5 	 0 	 1 	 0 	 1 	 1
59 	 0.150 	 0 	 0 	 0 	 0 	 1 	 1
59 	 0.150 	 5 	 1 	 2 	 2 	 1 	 1
59 	 0.300 	 5 	 0 	 1 	 0 	 0 	 1
59 	 0.300 	 6 	 0 	 1 	 0 	 1 	 1
59 	 0.300 	 5 	 0 	 1 	 0 	 1 	 1
60 	 0.300 	 5 	 1 	 2 	 2 	 0 	 1
60 	 0.300 	 5 	 0 	 1 	 0 	 0 	 1
60 	 0.300 	 5 	 0 	 1 	 0 	 1 	 1
60 	 0.150 	 0 	 1 	 0 	 1 	 0 	 1
60 	 0.150 	 5 	 0 	 1 	 0 	 1 	 1
60 	 0.150 	 0 	 0 	 0 	 0 	 1 	 1
60 	 0.150 	 5 	 1 	 2 	 2 	 0 	 1
60 	 0.300 	 5 	 0 	 1 	 0 	 0 	 1
60 	 0.300 	 5 	 0 	 1 	 0 	 1 	 1
60 	 0.300 	 5 	 0 	 1 	 0 	 1 	 1
61 	 0.300 	 5 	 1 	 2 	 2 	 0 	 1
61 	 0.300 	 5 	 0 	 1 	 0 	 0 	 1
61 	 0.300 	 5 	 0 	 1 	 0 	 1 	 1
61 	 0.300 	 2 	 0 	 1 	 0 	 0 	 1
61 	 0.300 	 4 	 0 	 1 	 0 	 1 	 1
61 	 0.300 	 0 	 4 	 0 	 1 	 1 	 1
61 	 0.300 	 8 	 0 	 1 	 0 	 1 	 1
61 	 0.300 	 5 	 0 	 1 	 0 	 1 	 1
62 	 0.300 	 5 	 1 	 2 	 2 	 0 	 1
62 	 0.300 	 5 	 0 	 1 	 0 	 0 	 1
62 	 0.300 	 5 	 0 	 1 	 0 	 1 	 1
62 	 0.150 	 0 	 1 	 0 	 1 	 0 	 1
62 	 0.150 	 5 	 0 	 1 	 0 	 1 	 1
62 	 0.150 	 0 	 0 	 0 	 0 	 1 	 1
62 	 0.150 	 5 	 1 	 2 	 2 	 1 	 1
62 	 0.300 	 5 	 0 	 1 	 0 	 0 	 1
62 	 0.300 	 5 	 0 	 1 	 0 	 1 	 1
62 	 0.300 	 5 	 0 	 1 	 0 	 1 	 1
63 	 0.300 	 5 	 1 	 2 	 2 	 0 	 1
63 	 0.300 	 5 	 0 	 1 	 0 	 0 	 1
63 	 0.300 	 5 	 0 	 1 	 0 	 1 	 1
63 	 0.150 	 0 	 1 	 0 	 1 	 0 	 1
63 	 0.150 	 5 	 0 	 1 	 0 	 1 	 1
63 	 0.150 	 0 	 0 	 0 	 0 	 1 	 1
63 	 0.150 	 5 	 1 	 2 	 2 	 1 	 1
63 	 0.300 	 5 	 0 	 1 	 0 	 0 	 1
63 	 0.300 	 6 	 0 	 1 	 0 	 1 	 1
63 	 0.300 	 5 	 0 	 1 	 0 	 1 	 1
64 	 0.300 	 5 	 1 	 2 	 2 	 0 	 1
64 	 0.300 	 5 	 0 	 1 	 0 	 0 	 1
64 	 0.300 	 5 	 0 	 1 	 0 	 1 	 1
64 	 0.150 	 0 	 1 	 0 	 1 	 0 	 1
64 	 0.100 	 5 	 0 	 1 	 0 	 1 	 1
64 	 0.150 	 0 	 0 	 0 	 0 	 1 	 1
64 	 0.150 	 5 	 1 	 2 	 2 	 1 	 1
64 	 0.300 	 5 	 0 	 1 	 0 	 0 	 1
64 	 0.300 	 6 	 0 	 1 	 0 	 1 	 1
64 	 0.300 	 5 	 0 	 1 	 0 	 1 	 1
65 	 0.300 	 5 	 1 	 2 	 2 	 0 	 1
65 	 0.300 	 5 	 0 	 1 	 0 	 0 	 1
65 	 0.300 	 5 	 0 	 1 	 0 	 1 	 1
65 	 0.300 	 0 	 1 	 0 	 1 	 0 	 1
65 	 0.150 	 1 	 0 	 1 	 0 	 0 	 1
65 	 0.150 	 0 	 1 	 0 	 1 	 0 	 1
65 	 0.150 	 2 	 0 	 1 	 0 	 0 	 1
65 	 0.150 	 0 	 0 	 0 	 0 	 1 	 1
65 	 0.300 	 6 	 0 	 1 	 0 	 1 	 1
65 	 0.300 	 7 	 1 	 0.2 	 1 	 0 	 1
66 	 0.150 	 6 	 0 	 1 	 0 	 1 	 1
66 	 0.450 	 8 	 0 	 1 	 0 	 1 	 1
66 	 0.300 	 6 	 0 	 1 	 0 	 1 	 1
66 	 0.300 	 1 	 0 	 1 	 0 	 0 	 1
66 	 0.150 	 6 	 0 	 1 	 0 	 1 	 1
66 	 0.450 	 8 	 0 	 1 	 0 	 1 	 1
66 	 0.300 	 6 	 0 	 1 	 0 	 1 	 1
66 	 0.150 	 8 	 1 	 1 	 1 	 0 	 1
66 	 0.150 	 1 	 0 	 1 	 0 	 0 	 1
67 	 0.150 	 6 	 0 	 1 	 0 	 1 	 1
67 	 0.450 	 8 	 0 	 1 	 0 	 1 	 1
67 	 2.100 	 0 	 0 	 0 	 0 	 0 	 2
68 	 1.800 	 1 	 1 	 1 	 1 	 1 	 2
