9.729160997732427
10.541859410430838
11.354557823129252
11.528707482993198
11.72607709750567
11.95827664399093
12.1556462585034
12.353015873015874
12.57360544217687
12.979954648526077
13.363083900226757
13.757823129251701
14.187392290249432
14.59374149659864
14.802721088435375
14.97687074829932
15.209070294784581
15.383219954648526
15.777959183673469
16.207528344671204
16.62548752834467
17.00861678004535
17.403356009070293
17.832925170068027
18.04190476190476
18.216054421768707
18.42503401360544
18.634013605442178
19.02875283446712
19.458321995464853
19.86467120181406
20.271020408163267
20.64253968253968
21.083718820861677
21.28108843537415
21.490068027210885
21.66421768707483
21.873197278911565
22.267936507936508
22.68589569160998
23.08063492063492
23.49859410430839
23.881723356009072
24.322902494331064
24.5318820861678
24.729251700680273
24.91501133786848
25.112380952380953
25.309750566893424
25.541950113378686
25.925079365079366
37.697596371882085
37.871746031746035
38.080725623582765
38.91664399092971
39.32299319727891
39.72934240362812
40.1124716553288
40.518820861678
40.94839002267574
41.33151927437642
41.72625850340136
42.14421768707483
42.53895691609977
42.956916099773245
43.35165532879819
43.769614512471655
44.18757369614512
44.593922902494334
44.977052154195015
45.38340136054422
45.81297052154195
46.219319727891154
46.59083900226757
47.008798185941046
47.40353741496599
47.821496598639456
48.2162358276644
48.634195011337866
49.05215419501134
49.458503401360545
49.841632653061225
50.24798185941043
50.67755102040816
51.08390022675737
51.258049886621315
51.49024943310658
51.87337868480726
52.30294784580499
52.68607709750567
53.09242630385488
53.510385487528346
53.719365079365076
53.91673469387755
54.090884353741494
54.31147392290249
54.706213151927436
55.13578231292517
55.54213151927438
55.94848072562358
56.35482993197279
56.73795918367347
56.95854875283447
57.109478458049885
57.34167800453515
57.550657596371884
57.94539682539683
58.363356009070294
58.78131519274376
59.187664399092974
59.570793650793654
60.00036281179138
60.20934240362812
60.40671201814059
60.615691609977326
60.78984126984127
61.18458049886621
61.602539682539685
61.99727891156463
62.40362811791383
62.80997732426304
63.239546485260774
63.448526077097505
63.622675736961455
63.82004535147392
64.04063492063491
64.2031746031746
64.45859410430839
64.83011337868481
65.2712925170068
65.677641723356
66.08399092970521
66.49034013605443
66.6877097505669
66.83863945578231
67.08244897959183
67.27981859410431
67.67455782312925
68.09251700680272
68.5104761904762
68.9168253968254
69.29995464852608
69.72952380952381
69.93850340136055
70.13587301587302
70.34485260770975
70.5190022675737
70.91374149659863
71.35492063492063
71.72643990929706
72.13278911564626
72.53913832199547
72.9687074829932
73.17768707482993
73.35183673469388
73.56081632653061
73.76979591836735
74.16453514739229
74.57088435374149
75.00045351473923
75.40680272108844
75.81315192743764
76.21950113378685
76.41687074829932
76.56780045351474
76.8
77.00897959183673
77.2063492063492
77.40371882086168
77.81006802721089
78.23963718820862
78.64598639455782
79.05233560090703
79.45868480725623
79.66766439909297
79.86503401360544
80.05079365079365
80.24816326530612
80.64290249433107
81.08408163265307
81.49043083900227
81.86195011337868
82.26829931972789
82.68625850340136
82.90684807256235
83.0809977324263
83.28997732426303
83.49895691609977
83.89369614512472
84.32326530612245
84.72961451247166
85.13596371882086
85.54231292517007
85.94866213151927
86.14603174603175
86.35501133786848
86.52916099773243
86.73814058956916
87.1328798185941
87.55083900226758
87.94557823129252
88.37514739229024
88.75827664399092
89.18784580498867
89.39682539682539
89.59419501133787
89.76834467120182
89.97732426303855
90.17469387755102
90.40689342403628
90.79002267573696
91.2195918367347
91.6259410430839
92.0322902494331
92.40380952380953
92.63600907029479
92.83337868480726
93.03074829931973
93.2281179138322
93.62285714285714
94.04081632653062
94.45877551020408
94.86512471655328
95.2714739229025
95.6778231292517
95.87519274376417
96.08417233560091
96.25832199546485
96.46730158730159
96.86204081632653
97.28
97.67473922902494
98.10430839002268
98.51065759637189
98.91700680272109
99.12598639455783
99.3233560090703
99.49750566893424
99.70648526077098
100.10122448979592
100.54240362811791
100.94875283446711
101.35510204081632
101.72662131519274
102.16780045351474
102.34195011337869
102.55092970521542
102.94566893424036
103.16625850340137
103.35201814058956
103.76997732426304
104.18793650793651
104.39691609977324
104.95419501133787
105.40698412698413
105.59274376417234
105.81333333333333
105.99909297052154
106.21968253968254
106.40544217687075
106.61442176870749
107.03238095238095
116.74993197278911
117.56263038548752
118.37532879818595
118.58430839002267
118.78167800453515
118.96743764172335
119.18802721088436
119.38539682539682
119.58276643990929
120.00072562358277
120.40707482993197
120.81342403628118
121.21977324263038
121.62612244897959
121.82349206349207
121.99764172335601
122.218231292517
122.41560090702947
122.81034013605442
123.2282993197279
123.64625850340136
124.05260770975056
124.45895691609978
124.86530612244898
125.07428571428571
125.27165532879819
125.48063492063493
125.65478458049887
126.0495238095238
126.4907029478458
126.89705215419501
127.29179138321996
127.6865306122449
128.08126984126983
128.3134693877551
128.48761904761903
128.69659863945577
128.9055782312925
129.30031746031747
129.7298866213152
130.1362358276644
130.5425850340136
130.9489342403628
131.3320634920635
131.72680272108843
131.9590022675737
132.15637188208618
132.35374149659864
132.5511111111111
132.98068027210886
133.36380952380952
133.75854875283446
134.1881179138322
134.5944671201814
134.80344671201814
134.9775963718821
135.20979591836735
135.3839455782313
135.77868480725624
136.20825396825396
136.59138321995465
136.99773242630386
137.40408163265306
137.8336507936508
138.04263038548754
138.21678004535147
138.4257596371882
138.63473922902494
139.02947845804988
139.45904761904762
139.86539682539683
140.27174603174603
140.67809523809524
141.08444444444444
141.2818140589569
141.43274376417233
141.6649433106576
141.87392290249434
142.26866213151928
142.68662131519275
143.0813605442177
143.51092970521543
143.8940589569161
144.32362811791384
144.53260770975058
144.72997732426305
144.93895691609978
145.1131065759637
145.50784580498868
145.72843537414965
145.92580498866212
146.35537414965987
146.76172335600907
147.14485260770974
147.5395918367347
147.77179138321995
147.96916099773242
148.16653061224488
148.36390022675738
148.75863945578232
149.1765986394558
149.59455782312926
150.00090702947847
150.40725623582767
150.81360544217688
151.01097505668935
151.21995464852608
151.39410430839
151.60308390022675
151.9978231292517
152.41578231292516
152.81052154195012
153.24009070294784
153.62321995464853
154.05278911564625
154.261768707483
154.45913832199545
154.6332879818594
154.84226757369615
155.23700680272108
155.6781859410431
156.0845351473923
156.4560544217687
156.8624036281179
157.28036281179138
157.6751020408163
157.9073015873016
158.10467120181406
158.3136507936508
158.48780045351475
158.9057596371882
159.32371882086167
159.73006802721088
160.13641723356008
160.5427664399093
160.74013605442178
160.9491156462585
161.13487528344672
161.33224489795919
161.72698412698412
162.1449433106576
162.53968253968253
162.96925170068027
163.35238095238094
163.78195011337868
163.99092970521542
164.1882993197279
164.36244897959185
164.57142857142858
164.96616780045352
165.4073469387755
165.8136961451247
166.2200453514739
166.62639455782312
166.99791383219954
167.23011337868482
167.4274829931973
167.62485260770976
167.82222222222222
168.21696145124716
168.63492063492063
169.0528798185941
169.4592290249433
169.86557823129252
170.27192743764172
170.44607709750568
170.67827664399093
170.85242630385488
171.06140589569162
171.2819954648526
171.49097505668934
171.87410430839003
172.30367346938775
172.68680272108844
173.09315192743765
173.51111111111112
173.72009070294786
173.91746031746032
174.09160997732425
174.300589569161
174.69532879818595
175.13650793650794
175.54285714285714
175.94920634920635
176.32072562358277
176.73868480725625
176.95927437641723
177.13342403628118
177.34240362811792
177.55138321995466
177.9461224489796
178.34086167800453
178.78204081632654
179.18839002267575
179.59473922902495
180.00108843537416
180.1752380952381
180.40743764172336
180.59319727891156
180.79056689342403
181.185306122449
181.60326530612244
181.9980045351474
182.4043537414966
182.8107029478458
183.2286621315193
183.64662131519273
183.79755102040815
184.01814058956916
184.2271201814059
184.45931972789117
184.8540589569161
185.27201814058958
185.67836734693878
186.084716553288
186.4910657596372
186.68843537414966
186.83936507936508
187.0831746031746
187.28054421768707
187.67528344671203
188.09324263038548
188.51120181405895
188.91755102040815
189.30068027210885
189.73024943310656
189.9392290249433
190.13659863945577
190.3455782312925
190.51972789115646
190.9144671201814
191.3556462585034
191.76199546485262
192.15673469387755
192.5514739229025
192.94621315192742
193.1784126984127
193.37578231292517
193.57315192743764
193.78213151927437
194.16526077097507
194.59482993197278
195.001179138322
195.4075283446712
195.8138775510204
196.1970068027211
196.59174603174603
196.99809523809523
197.40444444444444
197.81079365079364
198.24036281179139
198.6467120181406
199.0530612244898
199.459410430839
199.66839002267574
199.8657596371882
200.0515192743764
200.2488888888889
200.64362811791383
201.08480725623582
201.45632653061224
201.86267573696145
202.26902494331065
202.68698412698413
202.90757369614514
203.08172335600906
203.2907029478458
203.49968253968254
203.89442176870747
204.32399092970522
204.73034013605442
205.13668934240363
205.54303854875283
205.94938775510204
206.1467573696145
206.29768707482992
206.54149659863947
206.73886621315194
207.13360544217687
207.55156462585035
207.96952380952382
208.37587301587303
208.78222222222223
209.18857142857144
209.59492063492064
209.76907029478457
209.94321995464853
210.18702947845804
210.40761904761905
210.79074829931972
211.22031746031746
211.40607709750566
212.03301587301587
212.4277551020408
212.84571428571428
213.04308390022675
213.63519274376418
214.05315192743765
214.26213151927436
214.45950113378686
214.6684807256236
215.22575963718822
