8.997732426303855
9.717551020408163
10.47219954648526
11.226848072562358
11.400997732426303
11.6215873015873
12.004716553287983
12.376235827664399
12.747755102040816
13.130884353741497
13.49079365079365
13.87392290249433
14.233832199546486
14.628571428571428
15.000090702947846
15.371609977324264
15.74312925170068
16.12625850340136
16.486167800453515
16.869297052154195
17.252426303854875
17.623945578231293
17.99546485260771
18.37859410430839
18.738503401360543
19.121632653061223
19.49315192743764
19.87628117913832
20.236190476190476
20.619319727891156
21.002448979591836
21.373968253968254
21.73387755102041
22.128616780045352
22.50013605442177
22.871655328798187
23.2431746031746
23.62630385487528
23.9978231292517
24.369342403628117
24.752471655328797
25.123990929705215
25.495510204081633
25.878639455782313
26.23854875283447
26.62167800453515
26.993197278911566
27.376326530612246
27.736235827664398
28.11936507936508
28.50249433106576
28.874013605442176
29.245532879818594
29.628662131519274
30.00018140589569
30.37170068027211
30.731609977324265
31.126349206349207
31.497868480725625
31.86938775510204
32.25251700680272
32.62403628117914
32.995555555555555
33.36707482993197
33.73859410430839
34.12172335600907
34.49324263038549
34.87637188208617
35.247891156462586
35.42204081632653
35.60780045351474
35.99092970521542
36.74557823129252
37.488616780045355
38.243265306122446
38.99791383219954
39.75256235827664
40.12408163265306
40.49560090702948
41.23863945578231
41.970068027210885
42.72471655328798
43.119455782312926
43.502585034013606
44.23401360544218
45.37179138321996
45.75492063492064
46.126439909297055
46.49795918367347
46.86947845804988
47.25260770975056
47.42675736961451
47.62412698412698
47.972426303854874
48.37877551020408
48.7502947845805
49.121814058956915
49.49333333333333
49.86485260770975
50.24798185941043
50.61950113378685
50.991020408163266
51.374149659863946
51.74566893424036
52.11718820861678
52.50031746031746
52.87183673469388
53.2433560090703
53.62648526077098
53.998004535147395
54.36952380952381
54.75265306122449
55.12417233560091
55.49569160997732
55.86721088435374
56.25034013605442
56.62185941043084
56.993378684807254
57.376507936507934
57.73641723356009
58.11954648526077
58.50267573696145
58.87419501133787
59.245714285714286
59.628843537414966
60.00036281179138
60.3718820861678
60.73179138321996
61.1265306122449
61.49804988662132
61.869569160997735
62.252698412698415
62.62421768707483
62.99573696145125
63.36725623582767
63.73877551020408
64.12190476190476
64.49342403628118
64.87655328798186
65.24807256235827
65.6195918367347
66.00272108843538
66.37424036281179
66.73414965986395
67.11727891156463
67.5004081632653
67.87192743764173
68.24344671201814
68.62657596371882
68.99809523809523
69.14902494331066
69.55537414965987
69.93850340136055
70.11265306122449
70.49578231292517
74.98884353741497
75.72027210884353
76.47492063492064
77.21795918367347
77.42693877551021
77.62430839002268
77.99582766439909
78.36734693877551
78.75047619047619
79.1219954648526
79.49351473922903
79.86503401360544
80.23655328798186
80.61968253968254
81.00281179138322
81.37433106575963
81.74585034013606
82.11736961451247
82.50049886621315
82.87201814058957
83.24353741496599
83.62666666666667
83.99818594104309
84.3697052154195
84.75283446712018
85.1243537414966
85.49587301587302
85.86739229024943
86.2505215419501
86.62204081632653
86.99356009070294
87.37668934240362
87.73659863945578
88.11972789115646
88.50285714285714
88.87437641723356
89.24589569160997
89.6174149659864
90.00054421768708
90.37206349206349
90.73197278911564
91.1267120181406
91.498231292517
91.86975056689343
92.25287981859411
92.62439909297052
92.99591836734695
93.36743764172336
93.75056689342404
94.12208616780045
94.49360544217687
94.87673469387755
95.24825396825396
95.61977324263039
96.00290249433107
96.37442176870748
96.73433106575963
97.11746031746031
97.500589569161
97.87210884353742
98.23201814058957
98.62675736961451
98.99827664399093
99.36979591836734
99.75292517006802
100.12444444444445
100.49596371882086
100.86748299319729
101.25061224489797
101.42476190476191
101.6105215419501
101.99365079365079
102.74829931972789
103.49133786848073
104.24598639455782
105.00063492063492
105.72045351473923
106.12680272108844
106.49832199546485
107.24136054421768
107.99600907029479
108.75065759637188
109.1221768707483
109.49369614512472
110.23673469387755
110.37605442176871
110.49215419501134
110.6314739229025
111.37451247165532
111.74603174603175
112.12916099773243
112.50068027210884
112.74448979591837
112.87219954648526
112.98829931972789
113.11600907029478
113.25532879818594
113.38303854875284
113.46430839002268
113.6152380952381
113.75455782312925
113.85904761904762
113.98675736961451
114.36988662131519
114.75301587301587
115.1245351473923
115.4960544217687
115.86757369614513
116.25070294784581
116.62222222222222
116.99374149659864
117.37687074829932
117.74839002267574
118.11990929705216
118.50303854875284
118.87455782312925
119.24607709750566
119.61759637188209
120.00072562358277
120.37224489795918
120.73215419501133
121.12689342403628
121.4984126984127
121.86993197278912
122.2530612244898
122.62458049886621
122.99609977324263
123.36761904761904
123.75074829931972
124.12226757369615
124.49378684807256
124.87691609977324
125.24843537414966
125.61995464852608
126.00308390022676
126.37460317460318
126.73451247165534
127.11764172335602
127.5007709750567
127.8722902494331
128.24380952380952
128.6269387755102
128.9984580498866
129.36997732426303
129.75310657596373
130.12462585034012
130.49614512471655
130.86766439909297
131.25079365079364
131.62231292517006
131.9938321995465
132.37696145124715
132.7368707482993
133.12
133.50312925170067
133.8746485260771
134.24616780045352
134.61768707482995
135.0008163265306
135.37233560090704
135.7322448979592
136.12698412698413
136.49850340136055
136.87002267573695
137.25315192743764
137.4273015873016
137.62467120181407
137.99619047619046
138.75083900226758
139.12235827664398
139.50548752834467
139.86539682539683
140.2485260770975
140.6316553287982
141.0031746031746
141.374693877551
141.73460317460317
142.12934240362813
142.50086167800453
142.87238095238095
143.25551020408165
143.62702947845804
143.97532879818593
144.3700680272109
144.75319727891156
145.12471655328798
145.47301587301587
145.87936507936507
146.2508843537415
146.62240362811792
147.0055328798186
147.377052154195
147.7253514739229
148.12009070294783
148.50321995464853
148.87473922902495
149.24625850340135
149.62938775510204
149.97768707482993
150.37242630385487
150.75555555555556
151.12707482993198
151.47537414965987
151.8701133786848
152.2532426303855
152.6247619047619
152.98467120181405
153.37941043083902
153.7509297052154
154.12244897959184
154.5055782312925
154.87709750566893
155.24861678004535
155.62013605442178
156.00326530612244
156.37478458049887
156.73469387755102
157.12943310657596
157.50095238095238
157.8724716553288
158.25560090702947
158.6271201814059
158.97541950113379
159.17278911564625
159.55591836734695
159.92743764172334
160.11319727891157
160.49632653061224
